//format: name, inputs, outputs, copy_inputs?
//powerline left_align main right_align
AND 2 1 1
38  32323
1    4232
1    6182
1   341 6
37  121 6

XOR 2 1 1
1   32323
1    1 32
38  34282
1   161 6
37  121 6

NOT 1 1 1
37  282
13  282
38  1 6

SPLIT 1 2 0
18  23232
38  34323
37  12383

SWAP 2 2 0
383831282

OR 2 1 1
1   52323
37  21 32
1    5282
38   6182
1   351 6
37  121 6

NAND 2 1 1
1   52323
37  21 32
1    4282
38   6182
1   341 6
37  121 6

NOR 2 1 1
1   42323
37  21 32
1    5282
38   6182
1   351 6
37  121 6

NXOR 2 1 1
1   32323
1    1 32
38  35282
1   161 6
37  121 6

DEL 1 0 0
3838323
1 1 232

FALSE 0 1 0
3838 32
1 1 323

TRUE 0 1 0
37  232
1   323

COPY 1 1 1
1 1 1 6

TRI_XOR 3 1 1
1   3232323
1    1 3232
38  3428282
1   161 6 6
37  121 6 6
1   3232323
1    1 3232
38  3428282
1   161 6 6
37  121 6 6

AND_2 2 1 1
1 1 1 323
1 1 41232
38382 182
38382 1 6

TRI_AND 3 1 1
1 1 1 32323
1 1 4123232
38382 18282
38382 32323
1 1 4123232
38382 18282
38382 1 1 1

DEL_ALL 1 0 0
1      

GAP 0 0 0
1 6 6 6

WAIT 1 1 0
3838282

IF 3 1 0
1   3232323
1    1 3232
38  3428282
1   161 1 1
37  121 1 1
38  3232323
1    423232
1    618282
1   341 1 1
37  121 1 1
38383831282
38383128282
38  3232323
1    423232
1    618282
1   341 1 1
37  121 1 1
38383831282
38383128282
37  2828282
13  2828282
38  1 1 1 1
18  2323232
38  3432323
37  1238383
38383831282

SWITCH 1 2 0
383831282
37  28282
13  28282
38  6 6 6
18  23232
38  34323
37  12383

OR_2 2 1 1
38381 323
383832232
1 1  5282
1 1 32182
1 1 382 1
1 1 182 1

XOR_2 2 1 1
38381 323
383832232
1 1  5282
1 1 32182
1 1 382 1
1 1 182 1
383813282
1 1 352 1
1 1 321 1
